Keyword,Activity Rate
재테크교육,0.0
국민카드발급이벤트,0.0
월세,12.2
은퇴,4.8
주식교육,0.0
순금시세,0.8
ISA계좌종류,0.0
실손보험비교,3.6
퇴직연금담보대출,0.0
고배당주식,0.2
미국환율,0.0
컴퓨터주식,0.0
미국주식하는법,0.0
18K금가격,0.0
보험비교사이트,4.3
상속세율,0.0
ISA중개형증권사,0.0
AI주식투자,0.0
종합자동차보험,0.0
코인사이트,0.0
프로그램매매,0.0
연금보험추천,0.0
퇴직연금IRP,0.0
고가그림,0.0
코인선물,0.6
경제신문,10.5
자동차보험비교,0.0
코인투자방법,0.0
현물ETF,0.6
증여세신고,0.0
ISA계좌서민형,0.0
자동차다이렉트보험,0.0
블로그리뷰알바,0.0
오늘주식시세표,0.0
목돈굴리기,0.0
건강보험종류,0.0
그림매매,0.0
전세대출금리비교,0.0
가상자산,7.8
ISA계좌개설,0.0
종이신문,0.0
보험설계사추천,0.0
노인자동차보험,0.0
자동차보험비교견적,0.0
주식검색기,0.3
60대실비보험,0.0
KB증권ISA이벤트,0.0
금매도가격,0.0
전고체배터리관련주,0.1
금거래소시세,0.0
ETF투자방법,0.0
다이렉터자동차보험,0.0
단체보장보험,0.0
건강종합보험,0.5
적금추천,0.7
KB국민카드캐시백이벤트,0.0
ETF추천,0.0
ISA계좌수수료,0.0
코인개발,0.0
비트버니,6.5
오늘공모주,0.0
부동산크라우드펀딩,0.0
금한돈값시세,0.0
ISA계좌이전,0.0
ETF종류,0.0
서울사이버대학교부동산학과,0.0
금값가격,0.0
청년보험,0.1
유병자실비보험,0.0
TSP,0.2
S&P500ETF,0.0
중개형ISA비교,0.0
다모아보험,0.0
상해보험추천,0.0
전자지갑,0.2
가사소송,0.2
ISA계좌증권사추천,0.0
월세방,0.0
해외선물,73.5
자차보험료,0.0
왕숙1지구사전청약,0.0
산업용3D프린터,0.0
ISA이벤트,0.0
CMA금리비교,0.0
와디지ㅡ,0.0
카드신규발급혜택,0.0
블로그조회수늘리기,0.0
코인마케팅,0.0
코인거래방법,0.0
코인가격,0.0
부동산강의,1.5
ISA계좌추천,0.0
코인시세,0.5
채권추심,12.9
실비보험가입,0.9
펀드비교,0.0
금시세조회,0.0
ELS가입,0.0
부산재택알바,0.0
비트코인지갑,0.0
24K금값,0.4
공모전,1.9
해외선물실전투자대회,0.0
지급명령신청,2.1
퇴직연금수령방법,0.0
사이버대학부동산학과,0.0
CI보험,0.2
중개형ISA계좌개설,0.0
건강보험추천,0.1
간병인보험,0.0
블록체인지갑,0.0
돈버는법,0.3
증여세율,0.2
사업자등록증,4.1
블로그프로그램,0.0
하나은행퇴직연금,0.0
사모펀드,0.0
자동차보험누구나,0.0
코인하는법,0.2
등기,33.6
POLY,1.0
상속전문,3.9
돌반지,7.7
상속세상담,0.0
뉴홈,0.8
종합보험가입,0.0
자차보험가입,0.0
세무법인,2.3
비상장주식거래소,0.0
자동차보험료비교,1.5
ISA중개형,0.6
비트코인거래소,0.0
오늘의금시세한돈,0.0
금투자,8.3
AI관련주,0.8
상속증여전문세무사,0.0
KB증권ISA수수료,0.0
투잡창업,0.2
아이연금보험,0.0
3D프린터기,0.0
종합건강보험,0.8
3대질병진단비보험,0.1
부가가치세강의,0.0
카드이벤트,0.0
작품구매,0.1
한정승인,5.1
자동차보험들기,0.0
김현준주식강의,0.0
뱅크샐러드신용카드,0.0
해외지수거래,0.0
퇴직연금,13.4
전세자금대출금리비교,0.0
성년후견인신청,0.0
신진작가그림,0.0
실비보험비갱신,0.0
비상장거래소,0.0
배당ETF,0.3
목업,0.3
3대질환보험,0.0
질병입원비,0.0
고용지원금환급,0.0
상속세신고수수료,0.0
투자종류,0.0
원화구매,0.0
세무,67.4
명함,1.9
아파트,78.3
자동차보험포인트,0.0
QQQ주가,0.0
장외채권,1.7
주식투자,7.0
DB수집,0.0
상속세전문,0.7
가상화폐사이트,0.0
해외선물증거금,0.2
ISA증권사추천,0.0
미국주식공부,1.2
비갱신형암보험,0.4
실손보험가입,0.1
코인차트,0.3
비갱신암보험,1.3
한국화가그림,0.0
상속전문변호사,3.1
HTS추천,0.0
버그클라우드,0.0
코인지갑,0.0
부동산기초강의,0.0
자동차보험료비교견적,1.5
주식분석사이트,0.0
단기채권,0.3
금시세1돈,0.0
증여전문변호사,0.0
금시세18K,0.0
WWW.SAMSUNGFIRE.COM,0.0
주식사이트,0.0
수술비보험,0.8
차용증법적효력,0.0
신용카드신규발급혜택,0.0
공모주청약,0.5
금값시세한돈,0.0
사업자등록증발급,0.0
고배당주,1.5
해외선물수수료,0.0
실패하는사람들의10가지습관,0.0
법인등기,2.5
KB증권중개형ISA,0.0
부동산월세,0.0
코인종류,0.0
작가그림,0.0
배당금계산기,0.0
카드현금지급,0.0
특징주,27.9
비만치료제관련주,0.0
3DPRINTER,0.0
롯데더알찬건강보험,0.0
IPO컨설팅,0.0
중개형ISA계좌,0.1
자동주식매매,0.0
신용정보채권추심,0.1
차용,3.4
카드사캐시백이벤트,0.0
왕숙지구공공분양,0.0
재테크강의,0.3
테슬라주가,0.0
미국주식거래,0.0
사업자등록,8.2
공모전사이트,0.0
현재금값,2.7
아파트청약,0.0
노후준비,1.4
개인형IRP,0.1
18K금시세,0.0
미수금,6.6
자동차보험,17.6
부동산경매강의,0.0
코인상담,0.0
14K금시세,0.0
대출상담사,0.0
미국주식강의,0.0
상속세세율,0.2
차용증,3.4
부가세신고교육,0.0
암호화폐지갑,0.0
상속변호사,0.7
보험사,4.1
뮤직테크,0.0
CMA,2.9
개인재무설계,0.2
주식기초강의,0.1
상속분쟁,0.1
AI주식,0.4
법무사,13.2
트레이딩뷰,1.4
향남금매입,0.0
부동산명함,0.0
3기신도시본청약,0.0
자동차보험비교견적사이트,0.0
영화펀딩,0.0
삼성ISA계좌,0.0
의료실비보험비교사이트,1.9
자동차보험료비교견적사이트,0.0
상속세신고,0.2
손해보험,4.5
청약일정,0.8
건강보험비교,0.0
자동차보험비용,0.0
디오라마제작,0.0
블록체인컨설팅,0.0
암보험,36.3
블루칩주식,0.0
순금,28.1
코인상장,0.0
홍콩H지수,0.3
실비보험비교사이트,2.9
비트코인하는법,0.1
반도체ETF,0.0
주식차트사이트,0.0
간병비보험,0.3
뱅크샐러드롯데카드,0.0
상장컨설팅,0.0
해외주식,5.7
전세권설정,2.5
상장예정주식,0.1
타이거ETF,0.0
퇴직금담보대출,0.0
롯데카드뱅크샐러드,0.0
투자플랫폼,0.0
IRP계좌개설,0.0
미국주식,18.0
약정서,0.8
파킹통장금리비교,0.0
연말정산환급금,0.0
소득공제용연금저축,0.0
어린이카드,0.0
IRP계좌,0.2
비트코인관련주,0.1
뱅크샐러드카드이벤트,0.0
퇴직금중간정산,0.5
레진제작,0.0
캐피탈,8.7
CMA통장,0.0
3D프린터가격,0.0
대출이자계산기,0.1
홍콩ELS,0.4
NPL,0.2
상속전문세무사,0.2
상속세전문세무사,0.2
금융IT,0.0
캐쉬백신용카드,0.0
코인추천,0.0
휴대폰부업,0.0
사망보험,1.1
미술품대여,0.0
금가격,3.2
ISA증권,0.0
김현준주식,0.0
퇴직금지급기준,0.0
자동차보험금계산,0.0
금한돈,6.4
비트코인시세,0.2
미국주식거래시간,0.0
상속세계산기,0.0
신용카드발급,0.0
주식게임,0.0
해외선물거래,2.0
부동산등기,2.8
사업자등록신청,0.3
교보증권해외선물수수료,0.0
코인투자,1.1
엔비디아주가,0.0
임원퇴직금계산기,0.0
아파트분양소식,0.0
한싹청약,0.0
배당금높은주식,0.4
저가매수,0.1
파킹통장,1.4
코인거래소,1.0
배당주,10.3
주식정보제공,0.0
암보험비갱신형,0.0
상속세무상담,0.1
명함제작,0.0
무료주식,0.0
알트코인,6.6
ISA계좌개설이벤트,0.0
한경신문,0.0
소득세계산법,0.0
인터넷세무사,0.0
건강보험비교사이트,0.0
미술갤러리,0.0
무료재택부업,0.0
상속세계산,0.0
차용증양식,0.3
종합보험,2.6
미국비자대행,0.0
승용차보험료,0.0
은행달러환율,0.0
HTS,3.3
ISA거래수수료,0.0
